{
    "hp": 40.0,
    "stamina": 34.0,
    "dashTimer": 0.0,
    "meleeDamage": 1.0,
    "currentGun": 0,
    "currentScore": 60.0,
    "killNumber": 1.0,
    "totalLevelTime": 21.050678253173829,
    "position": {
        "x": 61.61000061035156,
        "y": -35.589786529541019,
        "z": -129.44000244140626
    },
    "rotationY": 165.22711181640626,
    "gun1ID": -1,
    "gun2ID": -1,
    "currentCheckPoint": 0
}